16
16
2 16 1
3 16 0
8 16 5
9 16 1
14 16 5
15 16 1
3 15 5
4 15 5
5 15 5
6 15 1
11 15 5
12 15 5
13 15 5
14 15 5
1 14 5
3 14 5
4 14 5
5 14 5
6 14 5
7 14 1
10 14 5
11 14 5
12 14 1
13 14 5
14 14 5
16 14 5
2 12 2
7 12 5
10 12 5
15 12 1
3 11 5
5 11 2
8 11 1
9 11 5
12 11 5
14 11 2
3 10 0
4 10 5
13 10 5
14 10 0
1 9 5
5 9 5
6 9 5
7 9 5
8 9 5
9 9 5
10 9 1
11 9 5
12 9 5
16 9 0
1 8 0
5 8 5
6 8 5
7 8 5
8 8 5
9 8 5
10 8 5
11 8 5
12 8 1
16 8 5
3 7 0
4 7 5
13 7 5
14 7 5
3 6 5
5 6 1
8 6 5
9 6 5
12 6 5
14 6 2
2 5 2
7 5 5
10 5 3
15 5 5
1 3 5
3 3 5
4 3 5
5 3 5
6 3 5
7 3 0
10 3 5
11 3 5
12 3 5
13 3 5
14 3 5
16 3 2
3 2 5
4 2 5
5 2 5
6 2 5
11 2 5
12 2 5
13 2 5
14 2 5
2 1 1
3 1 1
8 1 5
9 1 1
14 1 5
15 1 1