13
13
3 13 2
6 13 1
7 13 5
10 12 1
11 12 1
2 11 0
3 11 0
4 11 5
5 11 5
8 11 5
11 11 5
13 11 2
2 10 0
4 10 5
7 10 5
9 10 5
10 10 5
11 10 5
4 9 5
6 9 2
7 9 5
11 9 2
3 8 5
9 8 5
13 8 5
1 7 1
4 7 1
5 7 5
9 7 5
10 7 0
13 7 5
1 6 5
5 6 5
11 6 1
3 5 0
7 5 0
8 5 5
10 5 5
3 4 5
4 4 5
5 4 5
7 4 0
10 4 2
12 4 2
1 3 2
3 3 1
6 3 5
9 3 5
10 3 5
11 3 5
12 3 1
3 2 0
4 2 1
7 1 0
8 1 0
11 1 5
112
1 2
1 4
1 8
2 6
2 13
3 7
3 9
4 3
4 13
5 1
5 5
5 9
6 8
6 12
7 7
7 11
8 3
8 10
9 4
10 1
10 9
10 11
11 4
11 8
11 13
12 2
12 6
13 4
13 10
13 12

13
13
3 13 2
6 13 1
7 13 5
10 12 1
11 12 1
2 11 0
3 11 0
4 11 5
5 11 5
8 11 5
11 11 5
13 11 2
2 10 0
4 10 5
7 10 5
9 10 5
10 10 5
11 10 5
4 9 5
6 9 2
7 9 5
11 9 2
3 8 5
9 8 5
13 8 5
1 7 1
4 7 1
5 7 5
9 7 5
10 7 0
13 7 5
1 6 5
5 6 5
11 6 1
3 5 0
7 5 0
8 5 5
10 5 5
3 4 5
4 4 5
5 4 5
7 4 0
10 4 2
12 4 2
1 3 2
3 3 1
6 3 5
9 3 5
10 3 5
11 3 5
12 3 1
3 2 0
4 2 1
7 1 0
8 1 0
11 1 5
112
1 2
1 5
1 8
2 3
2 13
3 9
4 1
4 6
4 13
5 3
5 5
5 9
6 8
6 12
7 7
7 11
8 3
8 6
9 4
10 1
10 9
10 11
11 4
11 8
11 13
12 2
12 6
13 4
13 10
13 12

