11
11
3 11 0
4 11 0
5 11 1
9 11 1
9 10 2
1 9 5
2 9 5
5 9 2
6 9 5
11 9 5
4 8 5
8 8 5
11 8 5
5 7 3
7 7 5
9 7 5
11 7 1
3 6 1
6 6 4
9 6 0
1 5 0
3 5 5
5 5 5
7 5 3
1 4 1
4 4 5
8 4 5
1 3 0
6 3 0
7 3 3
10 3 5
11 3 5
3 2 5
3 1 1
7 1 5
8 1 5
9 1 1
84
1 1
1 8
1 11
2 4
3 3
3 7
4 1
4 5
4 9
5 6
5 8
6 5
6 7
6 11
7 2
7 4
7 6
8 3
8 7
8 10
9 4
9 9
10 1
10 11
11 6
11 10

11
11
3 11 0
4 11 0
5 11 1
9 11 1
9 10 2
1 9 5
2 9 5
5 9 2
6 9 5
11 9 5
4 8 5
8 8 5
11 8 5
5 7 3
7 7 5
9 7 5
11 7 1
3 6 1
6 6 4
9 6 0
1 5 0
3 5 5
5 5 5
7 5 3
1 4 1
4 4 5
8 4 5
1 3 0
6 3 0
7 3 3
10 3 5
11 3 5
3 2 5
3 1 1
7 1 5
8 1 5
9 1 1
84
1 1
1 8
1 11
2 4
3 3
3 7
4 1
4 5
4 9
5 6
5 8
6 5
6 7
6 11
7 2
7 4
7 6
8 3
8 7
8 10
9 4
9 9
10 1
10 11
11 6
11 10

